biquad1,
b0=1.001860880552342,
b1=-1.9972541126304044,
b2=0.9955303049457048,
a1=1.9972541126304044,
a2=-0.9973911854980468,
biquad2,
b0=0.9822776085742578,
b1=-1.9587793334749095,
b2=0.9768236774047693,
a1=1.9587793334749095,
a2=-0.9591012859790272,
biquad3,
b0=1.0061479513269043,
b1=-1.9924849621573641,
b2=0.9870900501730009,
a1=1.9924849621573641,
a2=-0.993238001499905,
biquad4,
b0=0.9964985879958977,
b1=-1.9834695469441814,
b2=0.9889485762295154,
a1=1.9834695469441814,
a2=-0.9854471642254133,

